1.590000271797180176e+00
1.494999766349792480e+00
1.540000319480895996e+00
1.639999628067016602e+00
1.720000147819519043e+00
2.089999437332153320e+00
1.714999914169311523e+00
1.170000076293945312e+00
1.285000085830688477e+00
8.150000572204589844e-01
1.039999365806579590e+00
6.250000000000000000e-01
7.399999499320983887e-01
8.799998164176940918e-01
7.800000309944152832e-01
1.135000109672546387e+00
9.899997115135192871e-01
1.455000042915344238e+00
2.210000276565551758e+00
1.599999666213989258e+00
1.509999871253967285e+00
1.530000209808349609e+00
1.644999861717224121e+00
1.715000152587890625e+00
