1.111719970703125000e+02
1.124888992309570312e+02
1.127789306640625000e+02
1.097389526367187500e+02
1.100289840698242188e+02
1.103190536499023438e+02
1.117190628051757812e+02
1.120090255737304688e+02
1.111890869140625000e+02
1.092590942382812500e+02
1.095491333007812500e+02
1.120591888427734375e+02
1.123491516113281250e+02
1.093092269897460938e+02
1.095992279052734375e+02
1.109992675781250000e+02
1.123992919921875000e+02
1.115792922973632812e+02
1.096493682861328125e+02
1.099393539428710938e+02
1.102293930053710938e+02
1.127394485473632812e+02
1.119194564819335938e+02
1.088794631958007812e+02
