1.042130889892578125e+02
1.055436019897460938e+02
9.917366790771484375e+01
1.039036712646484375e+02
1.175137405395507812e+02
1.189959640502929688e+02
1.239310073852539062e+02
1.028626556396484375e+02
1.206869583129882812e+02
1.033070068359375000e+02
1.239936828613281250e+02
1.072983016967773438e+02
1.055694656372070312e+02
1.160582427978515625e+02
1.070261077880859375e+02
1.228963241577148438e+02
1.049008712768554688e+02
1.079581375122070312e+02
1.189940872192382812e+02
1.157454528808593750e+02
1.060455245971679688e+02
9.856549835205078125e+01
1.038505554199218750e+02
1.169055709838867188e+02
