1.600000262260437012e+00
1.619999527931213379e+00
1.600000262260437012e+00
1.569999933242797852e+00
1.599999189376831055e+00
1.600000143051147461e+00
1.610000014305114746e+00
1.599999904632568359e+00
1.590000152587890625e+00
1.579999923706054688e+00
1.600000262260437012e+00
1.619999170303344727e+00
1.599999547004699707e+00
1.569999933242797852e+00
1.599999904632568359e+00
1.609999775886535645e+00
1.610000133514404297e+00
1.589999675750732422e+00
1.579999923706054688e+00
1.599999904632568359e+00
1.600000143051147461e+00
1.619999289512634277e+00
1.589999794960021973e+00
1.569999814033508301e+00
