2.250000476837158203e+00
2.195000410079956055e+00
2.489999771118164062e+00
2.589999914169311523e+00
2.454999685287475586e+00
2.305000305175781250e+00
2.500000238418579102e+00
1.630000472068786621e+00
7.549998760223388672e-01
4.899999201297760010e-01
2.149999737739562988e-01
1.149999871850013733e-01
7.499998062849044800e-02
1.600000113248825073e-01
3.150001466274261475e-01
5.099996924400329590e-01
8.000000119209289551e-01
1.280000090599060059e+00
1.784999728202819824e+00
2.184999942779541016e+00
2.220000982284545898e+00
2.470000982284545898e+00
2.590000629425048828e+00
2.444999694824218750e+00
